/home/mjhuria/Desktop/EC504/images/train/dollar_bill/image_0012.jpg
21 7 6 11 16 6 1 10 10 1 11 3 1 37 0 0 4 19 13 7 7 17 4 2 8 6 9 13 15 3 0 18 5 5 1 2 5 0 0 3 36 21 4 16 2 8 2 11 5 22 5 11 11 7 0 25 4 6 0 7 3 11 25 1 10 5 5 1 2 5 4 3 4 28 4 4 16 16 1 9 6 8 0 2 6 6 8 3 17 11 10 25 4 2 5 24 5 3 11 4 
/home/mjhuria/Desktop/EC504/images/train/dollar_bill/image_0021.pg
21 7 6 11 16 6 1 10 10 1 11 3 1 37 0 0 4 19 13 7 7 17 4 2 8 6 9 13 15 3 0 18 5 5 1 2 5 0 0 3 36 21 4 16 2 8 2 11 5 22 5 11 11 7 0 25 4 6 0 7 3 11 25 1 10 5 5 1 2 5 4 3 4 28 4 4 16 16 1 9 6 8 0 2 6 6 8 3 17 11 10 25 4 2 5 24 5 3 11 4 
/home/mjhuria/Desktop/EC504/images/train/dollar_bill/image_0011.jpg
21 7 6 11 16 6 1 10 10 1 11 3 1 37 0 0 4 19 13 7 7 17 4 2 8 6 9 13 15 3 0 18 5 5 1 2 5 0 0 3 36 21 4 16 2 8 2 11 5 22 5 11 11 7 0 25 4 6 0 7 3 11 25 1 10 5 5 1 2 5 4 3 4 28 4 4 16 16 1 9 6 8 0 2 6 6 8 3 17 11 10 25 4 2 5 24 5 3 11 4 
/home/mjhuria/Desktop/EC504/images/train/dollar_bill/image_0002.jpg
21 7 6 11 16 6 1 10 10 1 11 3 1 37 0 0 4 19 13 7 7 17 4 2 8 6 9 13 15 3 0 18 5 5 1 2 5 0 0 3 36 21 4 16 2 8 2 11 5 22 5 11 11 7 0 25 4 6 0 7 3 11 25 1 10 5 5 1 2 5 4 3 4 28 4 4 16 16 1 9 6 8 0 2 6 6 8 3 17 11 10 25 4 2 5 24 5 3 11 4 
/home/mjhuria/Desktop/EC504/images/train/dollar_bill/image_0015.jpg
8 15 6 9 9 13 7 1 13 3 2 19 1 99 1 1 3 5 5 5 35 15 2 8 2 8 0 11 3 9 2 5 11 3 4 2 5 9 1 23 13 5 4 7 13 8 8 5 8 18 2 13 11 6 1 82 2 2 3 5 8 4 1 3 2 0 13 6 4 4 1 2 1 4 9 3 3 7 9 3 5 4 0 3 7 7 7 5 24 20 2 45 15 3 4 0 5 1 23 15 
/home/mjhuria/Desktop/EC504/images/train/dollar_bill/image_0010.jpg
21 7 6 11 16 6 1 10 10 1 11 3 1 37 0 0 4 19 13 7 7 17 4 2 8 6 9 13 15 3 0 18 5 5 1 2 5 0 0 3 36 21 4 16 2 8 2 11 5 22 5 11 11 7 0 25 4 6 0 7 3 11 25 1 10 5 5 1 2 5 4 3 4 28 4 4 16 16 1 9 6 8 0 2 6 6 8 3 17 11 10 25 4 2 5 24 5 3 11 4 
/home/mjhuria/Desktop/EC504/images/train/dollar_bill/image_0008.jpg
21 7 6 11 16 6 1 10 10 1 11 3 1 37 0 0 4 19 13 7 7 17 4 2 8 6 9 13 15 3 0 18 5 5 1 2 5 0 0 3 36 21 4 16 2 8 2 11 5 22 5 11 11 7 0 25 4 6 0 7 3 11 25 1 10 5 5 1 2 5 4 3 4 28 4 4 16 16 1 9 6 8 0 2 6 6 8 3 17 11 10 25 4 2 5 24 5 3 11 4 
/home/mjhuria/Desktop/EC504/images/train/dollar_bill/image_0007.jpg
0 2 4 1 0 3 5 2 1 7 3 1 0 0 0 3 9 1 5 0 1 0 3 6 0 1 5 4 0 2 3 0 8 1 0 4 3 2 1 0 0 0 8 0 5 4 6 0 1 2 0 2 4 1 0 1 2 1 6 0 1 0 0 2 2 1 3 3 0 3 1 2 0 0 2 3 0 0 4 0 3 5 9 2 3 2 3 1 0 1 1 3 4 0 0 0 3 3 1 3 
/home/mjhuria/Desktop/EC504/images/train/dollar_bill/image_0003.jpg
0 2 4 2 0 2 4 1 6 4 0 6 0 0 0 0 4 0 0 1 2 1 4 6 0 2 1 6 1 2 1 0 4 0 1 0 3 0 0 1 0 0 15 0 5 3 3 2 0 3 1 1 0 2 0 1 3 0 2 1 1 2 0 0 0 1 4 3 0 1 3 1 0 0 1 0 0 0 3 0 0 0 2 1 2 1 2 2 2 0 2 0 5 0 1 0 1 1 2 4 
/home/mjhuria/Desktop/EC504/images/train/accordion/image_0001.jpg
0 2 3 2 3 1 5 0 3 5 1 4 0 0 2 1 9 3 0 3 4 0 6 6 0 7 1 2 1 2 8 0 6 1 3 1 7 2 3 1 0 0 1 0 2 1 3 2 3 4 2 0 1 3 0 1 1 1 2 1 1 0 0 2 1 0 3 0 0 2 2 2 0 0 3 1 0 1 2 2 0 2 6 1 1 4 1 1 0 1 0 0 1 2 0 0 1 2 2 2 
/home/mjhuria/Desktop/EC504/images/train/accordion/image_0002.jpg
0 2 2 0 0 1 1 2 3 2 0 3 0 0 2 1 4 0 1 1 1 0 0 1 0 3 0 1 1 1 10 0 1 0 0 2 4 2 1 5 0 0 0 0 3 0 2 2 1 2 1 1 1 2 0 0 0 2 3 1 2 0 0 0 0 2 6 0 1 3 2 2 2 0 1 3 1 0 5 0 0 2 4 4 0 0 0 1 0 0 1 0 0 1 0 0 2 1 1 6 
/home/mjhuria/Desktop/EC504/images/train/accordion/image_0005.jpg
1 0 6 2 1 0 6 1 4 8 3 5 0 1 0 3 6 2 2 6 1 0 4 6 0 1 2 2 0 4 4 0 6 2 5 0 7 4 1 2 0 1 8 0 3 1 3 0 4 2 3 1 2 0 1 1 2 2 2 1 3 2 0 1 1 1 2 3 2 5 0 3 1 0 1 2 0 0 1 1 2 1 3 5 0 2 2 3 1 1 0 1 5 1 1 0 1 4 3 3 
/home/mjhuria/Desktop/EC504/images/train/accordion/image_0004.jpg
0 2 6 3 1 1 1 3 4 6 1 4 0 2 3 2 6 3 1 2 1 1 4 3 0 0 3 1 0 2 2 0 4 0 2 0 6 4 0 1 0 1 2 0 6 1 3 3 3 1 4 1 0 4 0 2 0 0 0 0 3 5 0 0 0 0 5 3 1 2 0 2 1 0 1 3 0 1 6 0 2 1 5 5 2 3 1 3 1 1 0 2 2 6 0 0 1 3 1 4 
/home/mjhuria/Desktop/EC504/images/train/accordion/image_0007.jpg
0 3 5 1 0 1 6 0 2 1 3 1 0 0 0 0 4 3 1 1 1 1 4 8 0 2 1 2 2 1 10 0 0 4 1 0 3 2 2 0 0 0 2 0 3 1 5 2 0 0 3 2 0 2 0 0 1 2 0 1 2 1 0 1 1 1 3 0 2 4 1 1 3 0 3 3 1 2 3 1 3 1 7 3 3 1 2 2 1 0 4 1 1 0 0 0 3 3 4 2 
/home/mjhuria/Desktop/EC504/images/train/accordion/image_0006.jpg
1 1 2 2 4 0 3 0 1 5 3 3 1 0 0 3 6 2 1 6 2 0 2 6 1 3 4 3 0 0 9 0 2 1 1 3 2 3 0 1 0 1 0 0 2 3 3 4 2 1 1 1 0 1 0 1 1 3 2 2 3 1 0 0 1 1 3 1 2 1 0 5 1 0 4 1 2 0 1 0 2 1 2 4 1 2 1 1 1 3 0 0 2 1 0 0 1 2 0 4 
/home/mjhuria/Desktop/EC504/images/train/accordion/image_0003.jpg
0 1 9 3 2 1 1 1 3 5 1 2 0 0 0 0 4 2 1 4 4 0 0 5 0 2 1 3 1 4 4 0 5 2 1 2 4 2 0 2 0 0 1 0 1 0 3 2 5 2 2 1 0 0 0 0 3 0 2 1 3 3 0 1 1 2 5 2 3 3 0 0 3 0 3 4 0 0 1 0 4 2 1 4 1 3 0 1 1 1 2 1 3 3 0 0 2 4 2 1 
/home/mjhuria/Desktop/EC504/images/train/motorbike/image_0013.jpg
0 2 5 1 5 4 1 0 2 3 0 5 0 1 1 2 11 4 2 4 0 0 5 7 0 5 5 5 0 2 9 0 3 2 0 2 1 0 3 3 0 1 2 0 2 0 3 2 0 3 3 1 3 2 0 0 1 0 3 0 0 2 0 0 1 0 8 1 2 7 0 3 1 0 1 5 0 0 3 1 4 5 11 4 1 0 3 2 0 0 1 1 0 1 0 0 5 4 0 3 
/home/mjhuria/Desktop/EC504/images/train/motorbike/image_0012.jpg
0 2 4 3 1 5 2 0 2 9 1 1 0 0 2 3 2 5 5 2 2 0 6 8 0 1 3 3 1 1 7 0 3 6 4 0 5 1 2 0 2 0 1 0 4 0 7 2 2 3 5 1 0 1 0 0 1 3 1 0 4 2 0 0 1 0 4 2 3 4 1 1 1 0 0 1 0 0 4 0 2 0 2 5 1 4 6 1 0 3 1 0 3 3 0 0 4 4 1 12 
/home/mjhuria/Desktop/EC504/images/train/motorbike/image_0011.jpg
0 3 3 2 0 2 5 0 3 5 1 6 0 2 2 1 3 2 0 3 5 0 1 4 0 4 2 3 1 3 3 0 1 3 1 1 4 2 2 1 0 0 4 0 2 5 4 2 2 3 5 1 2 0 2 0 1 3 3 3 5 0 0 0 0 1 6 1 3 5 0 1 3 0 1 3 1 1 5 0 5 3 4 6 2 1 2 1 3 1 1 2 2 0 1 0 1 3 1 2 
/home/mjhuria/Desktop/EC504/images/train/motorbike/image_0014.jpg
2 1 3 1 1 1 8 1 0 4 3 4 0 0 0 0 7 1 0 4 1 0 1 6 0 0 3 1 0 3 6 0 1 0 2 1 4 5 2 0 0 0 1 1 5 2 3 3 0 1 3 0 0 4 0 1 0 2 0 3 2 2 0 0 0 1 1 0 2 5 1 2 1 0 2 1 0 0 5 1 1 2 2 3 1 0 1 3 0 1 4 1 5 2 1 0 2 0 0 1 
/home/mjhuria/Desktop/EC504/images/train/motorbike/image_0001.jpg
0 3 3 3 2 0 4 3 3 13 4 1 0 0 1 5 1 2 0 6 3 1 5 10 0 1 1 0 1 4 3 0 6 5 5 0 6 2 0 3 0 0 1 0 6 0 6 2 7 2 5 3 1 1 0 3 2 1 2 1 2 5 0 0 1 0 4 6 3 3 1 4 2 0 1 3 1 0 2 2 3 3 6 7 3 3 5 4 0 0 1 0 6 6 2 0 1 4 3 7 
/home/mjhuria/Desktop/EC504/images/train/motorbike/image_0002.jpg
0 12 6 3 24 5 8 0 5 2 0 16 0 0 13 7 3 4 3 4 3 2 11 1 1 6 5 7 1 5 11 0 11 4 10 4 3 17 3 36 0 0 5 1 2 8 12 8 3 12 2 1 1 5 5 5 2 3 1 2 9 1 0 4 0 2 5 6 5 6 1 5 3 0 1 3 2 1 9 0 4 2 3 3 0 5 4 10 2 6 3 4 0 5 3 0 3 6 5 2 
/home/mjhuria/Desktop/EC504/images/train/motorbike/image_0015.jpg
5 11 4 3 4 4 6 1 7 6 4 13 0 0 26 9 15 2 2 9 7 3 11 5 0 2 2 15 1 3 12 0 21 3 3 6 6 12 21 2 2 2 8 0 5 6 15 8 3 0 5 0 1 5 3 11 3 4 19 3 4 3 0 6 1 2 2 7 1 9 0 4 4 0 8 3 1 2 8 2 3 1 5 2 3 4 4 4 4 1 2 0 4 4 3 0 3 6 6 5 
/home/mjhuria/Desktop/EC504/images/train/motorbike/image_0016.jpg
3 7 8 0 10 4 8 3 5 7 5 9 0 2 8 6 7 5 2 12 10 4 19 9 0 4 6 13 0 6 19 1 12 6 7 21 6 11 38 3 2 3 7 3 2 2 10 14 4 4 8 5 7 2 17 10 2 4 21 1 2 3 0 1 3 5 16 2 5 10 5 6 6 1 8 15 5 2 4 2 5 2 4 8 2 6 5 3 7 1 2 5 8 6 4 0 4 11 8 18 
/home/mjhuria/Desktop/EC504/images/train/motorbike/image_0009.jpg
5 11 4 3 4 4 6 1 7 6 4 13 0 0 26 9 15 2 2 9 7 3 11 5 0 2 2 15 1 3 12 0 21 3 3 6 6 12 21 2 2 2 8 0 5 6 15 8 3 0 5 0 1 5 3 11 3 4 19 3 4 3 0 6 1 2 2 7 1 9 0 4 4 0 8 3 1 2 8 2 3 1 5 2 3 4 4 4 4 1 2 0 4 4 3 0 3 6 6 5 
/home/mjhuria/Desktop/EC504/images/train/motorbike/image_0010.jpg
0 0 9 2 2 6 5 1 6 3 1 8 0 1 3 6 1 3 1 5 6 3 6 2 1 2 7 4 0 2 9 0 7 2 6 4 5 4 7 29 0 0 17 0 1 6 9 1 0 1 6 1 0 5 2 9 3 2 7 4 9 2 0 3 0 3 10 6 4 8 1 2 8 0 3 2 1 0 6 1 2 3 1 2 4 1 2 11 8 7 0 1 3 7 10 0 1 4 2 8 
/home/mjhuria/Desktop/EC504/images/train/motorbike/image_0004.jpg
5 6 3 0 18 2 13 2 5 2 3 6 3 2 15 5 14 0 7 12 9 6 10 4 0 0 4 11 0 6 10 1 12 3 8 12 2 5 18 8 2 4 7 0 3 15 9 5 2 2 3 1 3 1 6 11 0 6 17 0 6 2 0 3 2 7 5 2 7 6 2 9 2 1 8 4 2 4 6 2 8 2 5 3 5 1 4 6 5 1 3 1 3 3 0 1 9 10 6 6 
/home/mjhuria/Desktop/EC504/images/train/motorbike/image_0008.jpg
0 12 6 3 24 5 8 0 5 2 0 16 0 0 13 7 3 4 3 4 3 2 11 1 1 6 5 7 1 5 11 0 11 4 10 4 3 17 3 36 0 0 5 1 2 8 12 8 3 12 2 1 1 5 5 5 2 3 1 2 9 1 0 4 0 2 5 6 5 6 1 5 3 0 1 3 2 1 9 0 4 2 3 3 0 5 4 10 2 6 3 4 0 5 3 0 3 6 5 2 
/home/mjhuria/Desktop/EC504/images/train/motorbike/image_0007.jpg
9 7 6 3 7 11 22 0 24 9 3 5 0 2 7 11 15 0 5 14 7 2 11 8 0 3 10 10 0 3 13 0 10 5 12 24 10 5 5 38 0 2 11 1 4 8 13 5 1 10 7 2 6 4 19 2 5 3 11 2 5 4 0 4 0 2 10 10 9 4 0 8 2 0 0 4 0 2 14 4 5 2 4 2 2 6 3 6 4 3 3 7 1 4 5 0 4 12 5 8 
/home/mjhuria/Desktop/EC504/images/train/motorbike/image_0003.jpg
6 9 2 6 5 9 8 1 6 5 3 13 0 5 4 1 19 3 6 12 10 4 4 6 6 1 11 5 1 4 1 0 31 4 9 23 0 10 33 0 3 2 3 2 0 2 2 6 7 1 6 0 1 6 14 2 5 3 7 0 4 3 1 2 1 12 9 1 6 7 4 7 1 1 5 3 1 4 10 2 3 2 3 1 13 0 4 7 2 1 0 2 14 3 3 0 12 11 5 5 

